56162
42332
52570
53616
30427
38855
60681
45217
41310
46851
46571
38122
42979
35216
48624
38025
59091
56020
41441
37821
51011
52322
92256
37415
134270
56760
113979
40916
154569
35630
42978
76722
42748
52673
47137
47845
33793
51358
105121
115770
174388
45514
46956
62843
43970
75318
58594
56768
67590
33007
30638
232785
82619
164143
263352
149577
44808
303117
96660
305061
559434
163338
138255
215807
418712
181861
371224
226868
479091
235839
375052
542722
532521
326638
381824
217866
71153
24377
23683
68860
143226
54252
56177
501932
93052
121200
200232
216835
222758
118103
129223
281974
189822
560996
282527
248032
433207
415057
336964
226013
