-41682.0
-29179.0
-36608.0
-36852.0
-20284.0
-25863.0
-44074.0
-32170.0
-27614.0
-34466.0
-33178.0
-25358.0
-30310.0
-23901.0
-33992.0
-25011.0
-41281.0
-42477.0
-29965.0
-25611.0
-37553.0
-37770.0
-68413.0
-25762.0
-111178.0
-42445.0
-92751.0
-29050.0
-124892.0
-23613.0
-31151.0
-58764.0
-29719.0
-40415.0
-33879.0
-30777.0
-20986.0
-40314.0
-88847.0
-88025.0
-139948.0
-33900.0
-33418.0
-47901.0
-31672.0
-57245.0
-45739.0
-42374.0
-49693.0
-21547.0
-20332.0
-201821.0
-67016.0
-131818.0
-220076.0
-122561.0
-28369.0
-263940.0
-76179.0
-265571.0
-509302.0
-135235.0
-114393.0
-182243.0
-379207.0
-154488.0
-327681.0
-195103.0
-438801.0
-206471.0
-318832.0
-482048.0
-490678.0
-285991.0
-342697.0
-173290.0
-54583.0
-14213.0
-13436.0
-49455.0
-117699.0
-41307.0
-41734.0
-415653.0
-73103.0
-94808.0
-166544.0
-190671.0
-191893.0
-102553.0
-112338.0
-250505.0
-163811.0
-483597.0
-251824.0
-225489.0
-416515.0
-394656.0
-316836.0
-203707.0
