10.40037037037037
7.83925925925926
9.735185185185186
9.928888888888888
5.63462962962963
7.19537037037037
11.237222222222222
8.373518518518518
7.65
8.676111111111112
8.62425925925926
7.0596296296296295
7.959074074074074
6.521481481481482
9.004444444444445
7.041666666666667
10.942777777777778
10.374074074074073
7.67425925925926
7.003888888888889
9.44648148148148
9.68925925925926
17.084444444444443
6.928703703703704
24.864814814814814
10.511111111111111
21.107222222222223
7.577037037037037
28.62388888888889
6.598148148148148
7.958888888888889
14.207777777777778
7.916296296296296
9.754259259259259
8.729074074074074
8.860185185185186
6.257962962962963
9.51074074074074
19.466851851851853
21.43888888888889
32.294074074074075
8.42851851851852
8.695555555555556
11.637592592592593
8.142592592592592
13.947777777777778
10.85074074074074
10.512592592592593
12.516666666666667
6.1124074074074075
5.673703703703704
43.108333333333334
15.299814814814814
30.396851851851853
48.76888888888889
27.699444444444445
8.297777777777778
56.132777777777775
17.9
56.492777777777775
103.5988888888889
30.247777777777777
25.602777777777778
39.96425925925926
77.53925925925925
33.677962962962965
68.74518518518518
42.01259259259259
88.72055555555555
43.67388888888889
69.45407407407407
100.50407407407407
98.615
60.48851851851852
70.70814814814815
40.345555555555556
13.176481481481481
4.514259259259259
4.385740740740741
12.751851851851852
26.523333333333333
10.046666666666667
10.403148148148148
92.95037037037036
17.23185185185185
22.444444444444443
37.08
40.15462962962963
41.251481481481484
21.870925925925928
23.930185185185184
52.21740740740741
35.15222222222222
103.88814814814815
52.31981481481481
45.93185185185185
80.22351851851852
76.8624074074074
62.400740740740744
41.85425925925926
